24.11.2021 12:31:01;Sensor_1,Sensor_2,Sensor_3,Sensor_4,Sensor_5,Sensor_6,Sensor_7,Sensor_8,Sensor_9,Sensor_10
24.11.2021 12:31:07;20.56 20.50 19.81 19.62 18.62 17.94 17.00 17.62 15.50 14.50
24.11.2021 12:31:13;20.50 20.50 19.75 19.56 18.56 17.94 16.94 17.56 15.44 14.44
24.11.2021 12:31:19;20.50 20.44 19.75 19.50 18.56 17.87 16.87 17.56 15.38 14.38
24.11.2021 12:31:26;20.69 20.44 19.75 19.44 18.56 17.81 16.87 17.50 15.31 14.31
24.11.2021 12:31:32;21.00 20.44 19.69 19.44 18.44 17.75 16.81 17.44 15.25 14.25
24.11.2021 12:31:38;21.50 20.44 19.69 19.37 18.44 17.75 16.75 17.37 15.19 14.19
24.11.2021 12:31:45;21.94 20.56 19.69 19.37 18.44 17.69 16.69 17.31 15.13 14.13
24.11.2021 12:31:51;22.44 20.62 19.69 19.37 18.37 17.69 16.62 17.25 15.06 14.06
24.11.2021 12:31:57;23.06 20.75 19.69 19.37 18.31 17.62 16.56 17.19 15.00 14.00
24.11.2021 12:32:04;23.56 20.87 19.81 19.31 18.31 17.56 16.56 17.12 14.94 13.94
24.11.2021 12:32:10;24.12 21.12 19.87 19.31 18.25 17.50 16.50 17.12 14.88 13.88
24.11.2021 12:32:16;24.62 21.31 20.00 19.37 18.25 17.44 16.44 17.00 14.81 13.81
24.11.2021 12:32:23;25.19 21.56 20.06 19.44 18.25 17.44 16.37 17.00 14.75 13.75
24.11.2021 12:32:29;25.62 21.75 20.25 19.50 18.25 17.37 16.37 16.94 14.75 13.69
24.11.2021 12:32:35;26.19 22.00 20.37 19.50 18.25 17.37 16.31 16.87 14.69 13.63
24.11.2021 12:32:42;26.69 22.25 20.50 19.62 18.31 17.37 16.25 16.81 14.63 13.56
24.11.2021 12:32:48;27.12 22.56 20.69 19.69 18.31 17.37 16.25 16.81 14.56 13.56
24.11.2021 12:32:54;27.56 22.81 20.87 19.75 18.37 17.31 16.19 16.75 14.50 13.50
24.11.2021 12:33:01;28.06 23.12 21.06 19.87 18.37 17.31 16.19 16.75 14.44 13.44
24.11.2021 12:33:07;28.50 23.31 21.25 20.00 18.44 17.31 16.19 16.69 14.44 13.38
24.11.2021 12:33:13;28.87 23.62 21.44 20.12 18.50 17.31 16.19 16.62 14.38 13.31
24.11.2021 12:33:19;29.37 23.94 21.62 20.25 18.56 17.37 16.12 16.62 14.38 13.31
24.11.2021 12:33:26;29.75 24.19 21.87 20.37 18.62 17.44 16.12 16.62 14.31 13.31
24.11.2021 12:33:32;30.19 24.44 22.06 20.50 18.75 17.44 16.12 16.56 14.25 13.19
24.11.2021 12:33:38;30.56 24.69 22.25 20.62 18.75 17.50 16.12 16.56 14.25 13.19
24.11.2021 12:33:45;30.94 25.00 22.50 20.75 18.87 17.56 16.19 16.56 14.19 13.19
24.11.2021 12:33:51;31.37 25.25 22.69 20.87 19.00 17.56 16.19 16.56 14.19 13.13
24.11.2021 12:33:57;31.75 25.50 22.87 21.06 19.06 17.62 16.19 16.56 14.19 13.13
24.11.2021 12:34:04;32.13 25.81 23.12 21.25 19.12 17.69 16.19 16.56 14.19 13.13
24.11.2021 12:34:10;32.44 26.06 23.31 21.37 19.25 17.75 16.25 16.56 14.13 13.06
24.11.2021 12:34:16;32.81 26.31 23.50 21.56 19.37 17.81 16.25 16.50 14.13 13.06
24.11.2021 12:34:23;33.13 26.62 23.75 21.69 19.50 17.87 16.31 16.50 14.19 13.06
24.11.2021 12:34:29;33.50 26.87 23.94 21.87 19.56 17.94 16.37 16.56 14.13 13.06
24.11.2021 12:34:35;33.88 27.12 24.19 22.00 19.69 18.00 16.37 16.62 14.13 13.00
24.11.2021 12:34:42;34.13 27.37 24.44 22.12 19.81 18.06 16.44 16.62 14.13 13.00
24.11.2021 12:34:48;34.50 27.62 24.62 22.31 19.94 18.12 16.50 16.62 14.19 13.00
24.11.2021 12:34:54;34.81 27.87 24.81 22.50 20.00 18.19 16.56 16.69 14.19 13.00
24.11.2021 12:35:01;35.13 28.12 25.06 22.62 20.12 18.31 16.56 16.69 14.13 13.00
24.11.2021 12:35:07;35.44 28.37 25.19 22.81 20.31 18.37 16.62 16.75 14.19 13.00
24.11.2021 12:35:13;35.75 28.62 25.44 23.00 20.37 18.50 16.75 16.75 14.19 13.00
24.11.2021 12:35:19;36.06 28.87 25.62 23.12 20.50 18.56 16.75 16.81 14.25 13.00
24.11.2021 12:35:26;36.38 29.12 25.87 23.31 20.62 18.69 16.81 16.81 14.25 13.06
24.11.2021 12:35:32;36.63 29.37 26.06 23.50 20.75 18.81 16.87 16.87 14.25 13.06
24.11.2021 12:35:38;36.94 29.56 26.25 23.62 20.94 18.87 17.00 17.00 14.31 13.13
24.11.2021 12:35:45;37.19 29.81 26.50 23.81 21.06 18.94 17.06 17.00 14.31 13.13
24.11.2021 12:35:51;37.50 30.06 26.69 24.00 21.19 19.06 17.12 17.06 14.38 13.13
24.11.2021 12:35:57;37.75 30.31 26.87 24.12 21.31 19.12 17.19 17.06 14.44 13.13
24.11.2021 12:36:04;38.06 30.50 27.06 24.31 21.44 19.25 17.25 17.12 14.44 13.19
24.11.2021 12:36:10;38.31 30.75 27.25 24.50 21.56 19.37 17.37 17.19 14.50 13.19
24.11.2021 12:36:16;38.56 30.94 27.44 24.62 21.69 19.50 17.44 17.25 14.50 13.19
24.11.2021 12:36:23;38.81 31.19 27.62 24.81 21.81 19.56 17.50 17.31 14.56 13.25
24.11.2021 12:36:29;39.13 31.44 27.87 24.94 21.94 19.69 17.62 17.37 14.63 13.31
24.11.2021 12:36:35;39.38 31.62 28.06 25.12 22.06 19.75 17.69 17.44 14.63 13.31
24.11.2021 12:36:42;39.63 31.81 28.25 25.31 22.25 19.87 17.75 17.50 14.69 13.31
24.11.2021 12:36:48;39.88 32.06 28.44 25.50 22.37 20.00 17.87 17.56 14.75 13.38
24.11.2021 12:36:54;40.13 32.31 28.62 25.62 22.50 20.06 17.94 17.62 14.75 13.44
24.11.2021 12:37:01;40.38 32.50 28.81 25.75 22.62 20.19 18.06 17.69 14.81 13.44
24.11.2021 12:37:07;40.56 32.69 29.00 25.87 22.75 20.31 18.12 17.75 14.94 13.50
24.11.2021 12:37:13;40.81 32.88 29.19 26.12 22.87 20.44 18.25 17.81 14.94 13.56
24.11.2021 12:37:20;41.00 33.13 29.44 26.25 23.00 20.56 18.31 17.87 15.00 13.63
24.11.2021 12:37:26;41.25 33.31 29.56 26.44 23.19 20.69 18.44 18.00 15.06 13.69
24.11.2021 12:37:32;41.50 33.50 29.75 26.56 23.25 20.81 18.50 18.06 15.19 13.75
24.11.2021 12:37:39;41.69 33.69 29.94 26.75 23.44 20.87 18.62 18.19 15.25 13.75
24.11.2021 12:37:45;41.94 33.88 30.12 26.87 23.56 21.00 18.75 18.25 15.31 13.81
24.11.2021 12:37:51;42.19 34.06 30.31 27.06 23.69 21.19 18.81 18.31 15.31 13.88
24.11.2021 12:37:57;42.38 34.31 30.50 27.19 23.81 21.25 18.94 18.37 15.44 13.88
24.11.2021 12:38:04;42.63 34.50 30.69 27.37 23.94 21.37 19.00 18.44 15.50 13.94
24.11.2021 12:38:10;42.81 34.69 30.87 27.50 24.12 21.50 19.12 18.56 15.56 14.06
24.11.2021 12:38:16;43.06 34.88 31.00 27.69 24.25 21.56 19.25 18.62 15.63 14.13
24.11.2021 12:38:23;43.25 35.06 31.19 27.87 24.37 21.69 19.31 18.69 15.69 14.13
24.11.2021 12:38:29;43.44 35.25 31.37 28.00 24.50 21.87 19.44 18.75 15.75 14.13
24.11.2021 12:38:35;43.69 35.44 31.50 28.12 24.62 21.94 19.50 18.87 15.81 14.25
24.11.2021 12:38:42;43.88 35.63 31.69 28.31 24.75 22.06 19.62 18.94 15.88 14.31
24.11.2021 12:38:48;44.06 35.81 31.87 28.44 24.94 22.19 19.75 19.06 15.94 14.38
24.11.2021 12:38:54;44.25 35.94 32.06 28.56 25.06 22.31 19.81 19.12 16.06 14.44
24.11.2021 12:39:01;44.44 36.19 32.25 28.75 25.19 22.44 19.94 19.19 16.12 14.50
24.11.2021 12:39:07;44.69 36.31 32.38 28.87 25.31 22.50 20.06 19.31 16.19 14.56
24.11.2021 12:39:13;44.88 36.50 32.56 29.06 25.44 22.62 20.12 19.44 16.25 14.63
24.11.2021 12:39:20;45.00 36.69 32.69 29.25 25.56 22.75 20.25 19.50 16.37 14.69
24.11.2021 12:39:26;45.25 36.88 32.88 29.37 25.69 22.87 20.37 19.56 16.44 14.75
24.11.2021 12:39:32;45.38 37.00 33.00 29.50 25.81 23.00 20.50 19.69 16.50 14.81
24.11.2021 12:39:39;45.56 37.19 33.19 29.62 25.94 23.12 20.56 19.75 16.56 14.88
24.11.2021 12:39:45;45.81 37.38 33.38 29.81 26.12 23.25 20.69 19.87 16.69 14.94
24.11.2021 12:39:51;45.94 37.50 33.50 29.94 26.25 23.37 20.81 19.94 16.75 15.00
24.11.2021 12:39:58;46.13 37.69 33.69 30.12 26.37 23.44 20.87 20.00 16.75 15.06
24.11.2021 12:40:04;46.38 37.88 33.88 30.25 26.50 23.56 21.00 20.12 16.87 15.13
24.11.2021 12:40:10;46.56 38.06 34.00 30.37 26.62 23.69 21.12 20.19 16.94 15.19
24.11.2021 12:40:17;46.69 38.25 34.13 30.50 26.75 23.81 21.19 20.25 17.06 15.25
24.11.2021 12:40:23;46.94 38.38 34.31 30.69 26.87 23.94 21.31 20.37 17.06 15.31
24.11.2021 12:40:29;47.06 38.56 34.50 30.81 27.00 24.06 21.44 20.44 17.12 15.38
24.11.2021 12:40:36;47.31 38.69 34.69 30.94 27.12 24.19 21.56 20.56 17.31 15.44
24.11.2021 12:40:42;47.44 38.88 34.81 31.12 27.25 24.31 21.62 20.62 17.31 15.50
24.11.2021 12:40:48;47.63 39.06 34.94 31.25 27.37 24.44 21.75 20.69 17.37 15.56
24.11.2021 12:40:55;47.81 39.25 35.06 31.37 27.50 24.56 21.81 20.81 17.50 15.63
24.11.2021 12:41:01;48.00 39.38 35.25 31.50 27.62 24.62 21.94 20.94 17.56 15.69
24.11.2021 12:41:07;48.13 39.56 35.44 31.69 27.75 24.75 22.06 21.00 17.62 15.75
24.11.2021 12:41:13;48.31 39.69 35.56 31.81 27.87 24.87 22.19 21.06 17.75 15.88
24.11.2021 12:41:20;48.44 39.81 35.69 31.94 28.00 24.94 22.25 21.19 17.81 15.94
24.11.2021 12:41:26;48.63 40.00 35.81 32.06 28.12 25.06 22.37 21.25 17.94 16.00
24.11.2021 12:41:32;48.75 40.13 36.00 32.19 28.25 25.19 22.50 21.37 18.00 16.06
24.11.2021 12:41:39;48.94 40.31 36.13 32.31 28.37 25.31 22.56 21.44 18.06 16.19
24.11.2021 12:41:45;49.13 40.44 36.31 32.44 28.50 25.44 22.69 21.56 18.12 16.19
24.11.2021 12:41:51;49.31 40.63 36.38 32.56 28.62 25.56 22.81 21.62 18.19 16.31
24.11.2021 12:41:58;49.44 40.75 36.56 32.75 28.75 25.69 22.87 21.75 18.31 16.31
24.11.2021 12:42:04;49.63 40.94 36.75 32.88 28.87 25.75 23.00 21.81 18.37 16.44
24.11.2021 12:42:10;49.81 41.06 36.88 33.00 29.00 25.87 23.12 21.94 18.44 16.50
24.11.2021 12:42:17;49.94 41.25 37.00 33.13 29.12 26.00 23.19 22.00 18.50 16.56
24.11.2021 12:42:23;50.06 41.38 37.13 33.25 29.25 26.12 23.31 22.06 18.56 16.62
24.11.2021 12:42:29;50.31 41.50 37.31 33.38 29.37 26.25 23.37 22.19 18.69 16.62
24.11.2021 12:42:36;50.44 41.69 37.44 33.56 29.44 26.31 23.50 22.25 18.75 16.81
24.11.2021 12:42:42;50.56 41.81 37.56 33.63 29.62 26.44 23.62 22.37 18.87 16.81
24.11.2021 12:42:48;50.75 42.00 37.69 33.81 29.69 26.56 23.75 22.44 18.94 16.87
24.11.2021 12:42:55;50.88 42.13 37.88 33.94 29.81 26.69 23.81 22.50 19.00 17.00
24.11.2021 12:43:01;51.00 42.25 38.00 34.06 29.94 26.75 23.94 22.56 19.06 17.06
24.11.2021 12:43:07;51.19 42.38 38.13 34.19 30.06 26.87 24.00 22.69 19.19 17.12
24.11.2021 12:43:14;51.31 42.56 38.25 34.31 30.19 27.00 24.12 22.81 19.25 17.19
24.11.2021 12:43:20;51.50 42.69 38.38 34.44 30.31 27.06 24.25 22.87 19.31 17.25
24.11.2021 12:43:26;51.63 42.81 38.50 34.56 30.44 27.19 24.31 22.94 19.44 17.31
24.11.2021 12:43:33;51.75 43.00 38.69 34.69 30.56 27.31 24.44 23.06 19.50 17.37
24.11.2021 12:43:39;51.94 43.13 38.81 34.81 30.62 27.44 24.56 23.19 19.62 17.50
24.11.2021 12:43:45;52.13 43.25 38.94 35.00 30.75 27.56 24.62 23.25 19.69 17.56
24.11.2021 12:43:52;52.19 43.38 39.06 35.06 30.87 27.62 24.75 23.31 19.75 17.62
24.11.2021 12:43:58;52.38 43.56 39.19 35.19 31.00 27.75 24.81 23.44 19.81 17.69
24.11.2021 12:44:04;52.50 43.69 39.38 35.31 31.12 27.81 24.94 23.50 19.94 17.75
24.11.2021 12:44:11;52.63 43.81 39.50 35.44 31.25 27.94 25.06 23.62 20.00 17.81
24.11.2021 12:44:17;52.81 43.94 39.63 35.56 31.31 28.06 25.12 23.69 20.06 17.87
24.11.2021 12:44:23;52.94 44.06 39.75 35.69 31.44 28.19 25.25 23.75 20.12 17.94
24.11.2021 12:44:30;53.06 44.19 39.88 35.81 31.56 28.31 25.31 23.87 20.25 18.06
24.11.2021 12:44:36;53.19 44.31 40.00 35.94 31.69 28.37 25.44 23.94 20.31 18.06
24.11.2021 12:44:42;53.31 44.44 40.13 36.06 31.81 28.50 25.56 24.06 20.37 18.12
24.11.2021 12:44:49;53.44 44.63 40.25 36.19 31.94 28.62 25.62 24.12 20.50 18.25
24.11.2021 12:44:55;53.63 44.75 40.38 36.31 32.00 28.69 25.75 24.19 20.56 18.31
24.11.2021 12:45:01;53.75 44.88 40.50 36.44 32.13 28.81 25.81 24.31 20.62 18.37
24.11.2021 12:45:08;53.88 45.00 40.63 36.56 32.25 28.87 25.94 24.37 20.69 18.44
24.11.2021 12:45:14;54.00 45.13 40.75 36.63 32.38 29.00 26.00 24.44 20.75 18.50
24.11.2021 12:45:20;54.13 45.25 40.88 36.75 32.44 29.12 26.12 24.56 20.81 18.56
24.11.2021 12:45:27;54.31 45.38 41.00 36.88 32.56 29.19 26.25 24.62 20.94 18.62
24.11.2021 12:45:33;54.38 45.50 41.13 37.00 32.69 29.31 26.31 24.69 21.00 18.69
24.11.2021 12:45:39;54.56 45.56 41.25 37.13 32.81 29.44 26.44 24.75 21.06 18.75
24.11.2021 12:45:46;54.63 45.75 41.38 37.25 32.88 29.50 26.50 24.87 21.19 18.81
24.11.2021 12:45:52;54.81 45.88 41.50 37.38 33.00 29.62 26.62 25.00 21.25 18.94
24.11.2021 12:45:58;54.94 46.00 41.56 37.50 33.13 29.75 26.69 25.06 21.31 19.00
24.11.2021 12:46:05;55.06 46.13 41.75 37.56 33.19 29.81 26.81 25.06 21.37 19.00
24.11.2021 12:46:11;55.19 46.25 41.88 37.69 33.31 29.94 26.87 25.19 21.44 19.12
24.11.2021 12:46:17;55.31 46.31 42.00 37.81 33.44 30.00 27.00 25.31 21.50 19.19
24.11.2021 12:46:24;55.44 46.50 42.06 37.94 33.56 30.12 27.06 25.37 21.62 19.25
24.11.2021 12:46:30;55.63 46.63 42.19 38.00 33.63 30.19 27.19 25.50 21.69 19.25
24.11.2021 12:46:36;55.69 46.75 42.31 38.13 33.75 30.31 27.25 25.56 21.75 19.37
24.11.2021 12:46:43;55.81 46.81 42.44 38.25 33.88 30.37 27.37 25.62 21.81 19.44
24.11.2021 12:46:49;55.94 46.94 42.50 38.38 33.94 30.50 27.44 25.69 21.94 19.44
24.11.2021 12:46:55;56.06 47.06 42.69 38.44 34.06 30.62 27.56 25.81 22.00 19.56
24.11.2021 12:47:02;56.19 47.19 42.75 38.56 34.19 30.69 27.62 25.87 22.06 19.62
24.11.2021 12:47:08;56.31 47.31 42.88 38.69 34.25 30.75 27.75 25.94 22.12 19.69
24.11.2021 12:47:14;56.44 47.44 43.00 38.81 34.38 30.87 27.81 26.06 22.19 19.69
24.11.2021 12:47:21;56.50 47.56 43.13 38.88 34.44 31.00 27.87 26.12 22.31 19.81
24.11.2021 12:47:27;56.69 47.63 43.25 39.00 34.56 31.06 28.00 26.19 22.31 19.87
24.11.2021 12:47:33;56.81 47.81 43.38 39.13 34.63 31.19 28.06 26.31 22.37 19.94
24.11.2021 12:47:40;56.94 47.88 43.44 39.19 34.75 31.25 28.19 26.31 22.50 20.00
24.11.2021 12:47:46;57.06 47.94 43.56 39.31 34.88 31.37 28.25 26.44 22.56 20.06
24.11.2021 12:47:52;57.13 48.06 43.69 39.38 34.94 31.44 28.37 26.50 22.62 20.12
24.11.2021 12:47:59;57.25 48.19 43.81 39.50 35.06 31.56 28.44 26.56 22.75 20.19
24.11.2021 12:48:05;57.38 48.31 43.88 39.63 35.13 31.62 28.50 26.62 22.81 20.19
24.11.2021 12:48:11;57.50 48.44 44.00 39.75 35.25 31.69 28.62 26.75 22.87 20.31
24.11.2021 12:48:18;57.56 48.50 44.13 39.81 35.31 31.81 28.69 26.81 22.94 20.37
24.11.2021 12:48:24;57.75 48.63 44.25 39.94 35.44 31.87 28.75 26.87 22.94 20.44
24.11.2021 12:48:30;57.81 48.75 44.31 40.06 35.50 32.00 28.87 27.00 23.06 20.44
24.11.2021 12:48:37;57.88 48.88 44.44 40.13 35.63 32.13 28.94 27.06 23.12 20.50
24.11.2021 12:48:43;58.06 48.94 44.56 40.25 35.69 32.13 29.00 27.12 23.19 20.56
24.11.2021 12:48:49;58.13 49.06 44.63 40.31 35.81 32.25 29.12 27.19 23.25 20.62
24.11.2021 12:48:56;58.25 49.19 44.75 40.38 35.88 32.38 29.19 27.25 23.31 20.69
24.11.2021 12:49:02;58.38 49.25 44.88 40.50 36.00 32.44 29.31 27.31 23.37 20.75
24.11.2021 12:49:08;58.50 49.38 44.94 40.63 36.06 32.50 29.37 27.44 23.44 20.81
24.11.2021 12:49:15;58.63 49.50 45.06 40.69 36.19 32.63 29.44 27.44 23.50 20.87
24.11.2021 12:49:21;58.75 49.56 45.13 40.81 36.31 32.69 29.50 27.56 23.56 20.94
24.11.2021 12:49:27;58.81 49.69 45.25 40.88 36.31 32.81 29.62 27.62 23.69 21.00
24.11.2021 12:49:34;58.88 49.75 45.31 41.00 36.44 32.88 29.69 27.69 23.69 21.06
24.11.2021 12:49:40;59.00 49.88 45.44 41.06 36.50 32.94 29.75 27.75 23.81 21.12
24.11.2021 12:49:46;59.06 49.94 45.50 41.19 36.63 33.00 29.81 27.87 23.87 21.19
24.11.2021 12:49:53;59.13 50.06 45.63 41.25 36.69 33.06 29.94 27.87 23.94 21.25
24.11.2021 12:49:59;59.25 50.13 45.69 41.31 36.75 33.19 30.00 28.00 24.00 21.31
24.11.2021 12:50:05;59.31 50.25 45.75 41.44 36.81 33.25 30.06 28.06 24.06 21.37
24.11.2021 12:50:12;59.38 50.31 45.88 41.50 36.88 33.31 30.19 28.12 24.12 21.37
24.11.2021 12:50:18;59.56 50.44 45.94 41.56 37.00 33.44 30.25 28.19 24.19 21.50
24.11.2021 12:50:24;59.63 50.50 46.06 41.69 37.06 33.50 30.31 28.25 24.25 21.56
24.11.2021 12:50:31;59.69 50.56 46.19 41.75 37.19 33.56 30.37 28.31 24.31 21.56
24.11.2021 12:50:37;59.81 50.69 46.25 41.81 37.25 33.63 30.44 28.37 24.37 21.56
24.11.2021 12:50:43;59.88 50.75 46.31 41.94 37.31 33.75 30.56 28.50 24.44 21.69
24.11.2021 12:50:50;59.94 50.88 46.44 42.06 37.44 33.81 30.62 28.56 24.50 21.75
24.11.2021 12:50:56;60.06 50.94 46.50 42.13 37.50 33.88 30.69 28.62 24.56 21.81
24.11.2021 12:51:02;60.13 51.06 46.63 42.19 37.56 33.94 30.75 28.69 24.62 21.81
24.11.2021 12:51:09;60.25 51.13 46.69 42.31 37.69 34.06 30.87 28.75 24.69 21.87
24.11.2021 12:51:15;60.38 51.25 46.75 42.38 37.75 34.13 30.94 28.81 24.75 21.94
24.11.2021 12:51:21;60.44 51.38 46.88 42.44 37.81 34.19 31.00 28.87 24.81 22.00
24.11.2021 12:51:28;60.56 51.44 46.94 42.56 37.94 34.25 31.06 28.94 24.87 22.12
24.11.2021 12:51:34;60.63 51.50 47.06 42.63 38.00 34.31 31.12 29.00 24.94 22.12
24.11.2021 12:51:40;60.69 51.56 47.13 42.69 38.06 34.44 31.19 29.06 25.00 22.19
24.11.2021 12:51:47;60.75 51.69 47.25 42.81 38.19 34.50 31.31 29.19 25.06 22.25
24.11.2021 12:51:53;60.88 51.75 47.31 42.88 38.25 34.56 31.37 29.19 25.12 22.31
24.11.2021 12:51:59;61.00 51.88 47.38 42.94 38.31 34.63 31.44 29.25 25.12 22.37
24.11.2021 12:52:06;61.13 51.94 47.50 43.00 38.38 34.75 31.50 29.31 25.19 22.37
24.11.2021 12:52:12;61.19 52.06 47.56 43.13 38.50 34.81 31.56 29.37 25.25 22.44
24.11.2021 12:52:18;61.31 52.13 47.69 43.19 38.63 34.88 31.62 29.44 25.31 22.50
24.11.2021 12:52:25;61.44 52.25 47.75 43.31 38.69 35.00 31.75 29.50 25.37 22.50
24.11.2021 12:52:31;61.50 52.38 47.88 43.38 38.75 35.06 31.81 29.62 25.44 22.56
24.11.2021 12:52:38;61.63 52.44 47.94 43.50 38.81 35.13 31.87 29.62 25.44 22.62
24.11.2021 12:52:44;61.69 52.50 48.06 43.56 38.88 35.19 31.94 29.69 25.50 22.62
24.11.2021 12:52:50;61.81 52.63 48.13 43.63 39.00 35.31 32.00 29.75 25.62 22.69
24.11.2021 12:52:57;61.88 52.69 48.25 43.75 39.06 35.38 32.06 29.81 25.62 22.75
24.11.2021 12:53:03;62.00 52.81 48.31 43.81 39.13 35.44 32.13 29.87 25.69 22.75
24.11.2021 12:53:09;62.06 52.88 48.38 43.88 39.25 35.50 32.25 29.94 25.75 22.81
24.11.2021 12:53:16;62.13 53.00 48.50 44.00 39.31 35.63 32.31 30.00 25.75 22.81
24.11.2021 12:53:22;62.25 53.06 48.56 44.06 39.38 35.69 32.38 30.06 25.87 22.87
24.11.2021 12:53:28;62.38 53.19 48.69 44.13 39.44 35.75 32.44 30.12 25.87 22.87
24.11.2021 12:53:35;62.44 53.25 48.75 44.25 39.50 35.81 32.50 30.19 25.94 22.94
24.11.2021 12:53:41;62.56 53.31 48.88 44.31 39.63 35.88 32.56 30.25 26.00 23.00
24.11.2021 12:53:47;62.63 53.44 48.94 44.44 39.63 35.94 32.63 30.25 26.00 23.06
24.11.2021 12:53:54;62.75 53.50 49.00 44.50 39.75 36.00 32.69 30.31 26.06 23.06
24.11.2021 12:54:00;62.81 53.56 49.13 44.56 39.81 36.06 32.75 30.37 26.12 23.12
24.11.2021 12:54:06;62.94 53.69 49.19 44.63 39.88 36.13 32.81 30.44 26.19 23.12
24.11.2021 12:54:13;63.00 53.75 49.25 44.69 39.94 36.19 32.88 30.50 26.19 23.19
24.11.2021 12:54:19;63.06 53.81 49.31 44.75 40.00 36.25 32.94 30.56 26.31 23.25
24.11.2021 12:54:25;63.13 53.88 49.38 44.81 40.06 36.31 33.00 30.56 26.25 23.25
24.11.2021 12:54:32;63.13 53.94 49.44 44.88 40.13 36.38 33.06 30.62 26.31 23.25
24.11.2021 12:54:38;63.25 54.00 49.56 44.94 40.19 36.44 33.13 30.69 26.37 23.31
24.11.2021 12:54:44;63.31 54.13 49.63 45.00 40.25 36.50 33.13 30.69 26.44 23.37
24.11.2021 12:54:51;63.38 54.19 49.69 45.13 40.31 36.56 33.19 30.81 26.44 23.37
24.11.2021 12:54:57;63.44 54.25 49.75 45.13 40.44 36.63 33.25 30.81 26.50 23.44
24.11.2021 12:55:03;63.56 54.38 49.81 45.25 40.44 36.69 33.31 30.87 26.56 23.50
24.11.2021 12:55:10;63.63 54.44 49.94 45.31 40.56 36.75 33.38 30.94 26.62 23.50
24.11.2021 12:55:16;63.69 54.50 50.00 45.38 40.63 36.81 33.44 31.00 26.62 23.50
24.11.2021 12:55:22;63.75 54.56 50.06 45.44 40.69 36.88 33.50 31.06 26.69 23.56
24.11.2021 12:55:29;63.81 54.63 50.13 45.56 40.75 36.94 33.56 31.06 26.69 23.62
24.11.2021 12:55:35;63.88 54.69 50.19 45.63 40.81 37.00 33.63 31.12 26.81 23.62
24.11.2021 12:55:41;63.94 54.75 50.25 45.63 40.81 37.06 33.63 31.19 26.81 23.62
24.11.2021 12:55:48;64.00 54.88 50.31 45.69 40.88 37.13 33.69 31.19 26.81 23.69
24.11.2021 12:55:54;64.06 54.88 50.38 45.81 40.94 37.19 33.75 31.31 26.87 23.75
24.11.2021 12:56:00;64.19 55.00 50.50 45.88 41.00 37.25 33.81 31.31 26.87 23.75
24.11.2021 12:56:07;64.25 55.06 50.56 45.88 41.06 37.31 33.88 31.37 26.94 23.75
24.11.2021 12:56:13;64.37 55.13 50.63 46.00 41.13 37.38 33.94 31.37 27.00 23.75
24.11.2021 12:56:20;64.44 55.19 50.69 46.06 41.25 37.44 33.94 31.44 27.00 23.81
24.11.2021 12:56:26;64.50 55.31 50.81 46.13 41.31 37.44 34.00 31.50 27.06 23.81
24.11.2021 12:56:32;64.62 55.38 50.88 46.19 41.38 37.50 34.06 31.56 27.12 23.87
24.11.2021 12:56:39;64.69 55.50 50.94 46.25 41.44 37.56 34.13 31.56 27.12 23.87
24.11.2021 12:56:45;64.75 55.50 51.00 46.31 41.50 37.63 34.19 31.62 27.19 23.87
24.11.2021 12:56:51;64.81 55.63 51.06 46.44 41.56 37.69 34.25 31.62 27.19 23.94
24.11.2021 12:56:58;64.94 55.69 51.13 46.50 41.63 37.75 34.25 31.69 27.25 23.94
24.11.2021 12:57:04;65.00 55.75 51.19 46.56 41.69 37.81 34.31 31.75 27.25 24.00
24.11.2021 12:57:10;65.06 55.81 51.31 46.63 41.75 37.88 34.38 31.75 27.31 24.06
24.11.2021 12:57:17;65.12 55.94 51.38 46.69 41.81 37.94 34.44 31.81 27.31 24.12
24.11.2021 12:57:23;65.25 56.00 51.44 46.75 41.81 37.94 34.44 31.81 27.37 24.12
24.11.2021 12:57:29;65.31 56.06 51.50 46.81 41.88 38.00 34.50 31.87 27.44 24.19
24.11.2021 12:57:36;65.37 56.13 51.56 46.88 42.00 38.06 34.56 31.94 27.44 24.19
24.11.2021 12:57:42;65.50 56.19 51.63 46.94 42.00 38.13 34.63 31.94 27.50 24.25
24.11.2021 12:57:48;65.56 56.25 51.69 47.00 42.13 38.19 34.69 32.00 27.56 24.25
24.11.2021 12:57:55;65.62 56.38 51.81 47.06 42.13 38.25 34.75 32.06 27.56 24.31
24.11.2021 12:58:01;65.69 56.38 51.81 47.13 42.25 38.31 34.75 32.13 27.62 24.37
24.11.2021 12:58:07;65.75 56.50 51.88 47.19 42.25 38.31 34.81 32.19 27.62 24.44
24.11.2021 12:58:14;65.81 56.56 51.94 47.25 42.31 38.38 34.88 32.25 27.75 24.44
24.11.2021 12:58:20;65.87 56.63 52.00 47.31 42.38 38.44 34.94 32.25 27.75 24.50
24.11.2021 12:58:26;65.94 56.69 52.06 47.38 42.44 38.50 35.00 32.31 27.81 24.50
24.11.2021 12:58:33;66.00 56.75 52.13 47.44 42.50 38.56 35.00 32.38 27.87 24.56
24.11.2021 12:58:39;66.06 56.75 52.25 47.50 42.50 38.56 35.06 32.38 27.87 24.56
24.11.2021 12:58:45;66.12 56.81 52.25 47.56 42.63 38.63 35.13 32.44 27.94 24.62
24.11.2021 12:58:52;66.19 56.94 52.31 47.56 42.69 38.69 35.19 32.50 27.94 24.62
24.11.2021 12:58:58;66.25 56.94 52.38 47.63 42.69 38.75 35.25 32.56 27.94 24.69
24.11.2021 12:59:05;66.31 57.00 52.44 47.69 42.75 38.81 35.25 32.56 28.00 24.69
24.11.2021 12:59:11;66.37 57.13 52.50 47.75 42.81 38.88 35.31 32.56 28.06 24.75
24.11.2021 12:59:17;66.50 57.13 52.56 47.81 42.81 38.88 35.38 32.63 28.06 24.69
24.11.2021 12:59:24;66.56 57.19 52.63 47.88 42.88 38.94 35.44 32.69 28.12 24.81
24.11.2021 12:59:30;66.62 57.25 52.69 47.88 42.94 39.00 35.44 32.75 28.19 24.87
24.11.2021 12:59:36;66.69 57.31 52.75 48.00 43.00 39.06 35.50 32.75 28.19 24.87
24.11.2021 12:59:43;66.75 57.38 52.81 48.00 43.06 39.06 35.56 32.81 28.25 24.87
